BHM BDL E 2023 04 26 07 10 2023 04 26 11 20 04 10 2
BHM BDL E 2023 04 28 10 30 2023 04 28 02 40 04 10 4
BHM BDL E 2023 04 29 01 00 2023 04 29 05 10 04 10 1
BHM HNL B 2023 05 08 10 00 2023 05 08 09 00 11 00 3
BHM HNL B 2023 05 09 06 30 2023 05 09 04 30 11 00 5
BHM HNL B 2023 05 10 12 10 2023 05 10 11 10 11 00 1
MGM MCO F 2023 04 28 11 30 2023 04 28 12 00 01 30 2
MGM MCO F 2023 04 29 08 45 2023 04 29 10 15 01 30 3
MGM MCO F 2023 04 30 01 00 2023 04 30 02 30 01 30 4
ANC JNU E 2023 05 17 06 40 2023 05 17 08 20 01 40 2
ANC JNU E 2023 05 18 03 30 2023 05 18 05 10 01 40 5
ANC JNU E 2023 05 20 10 00 2023 05 20 11 40 01 40 3
JNU LAX B 2023 06 16 09 38 2023 06 16 05 45 06 07 1
JNU LAX B 2023 06 19 01 20 2023 06 19 07 27 06 07 2
JNU LAX B 2023 06 21 12 30 2023 06 21 06 37 06 07 4
FLG SFO F 2023 05 13 08 10 2023 05 13 12 30 04 20 3
FLG SFO F 2023 05 14 11 40 2023 05 14 03 00 04 20 2
FLG SFO F 2023 05 15 05 00 2023 05 15 09 20 04 20 5
FLG COS B 2023 05 22 12 30 2023 05 22 07 10 07 40 1
FLG COS B 2023 05 24 01 00 2023 05 24 08 40 07 40 3
FLG COS B 2023 05 25 10 10 2023 05 25 05 50 07 40 2
TUS SLC E 2023 05 11 04 15 2023 05 12 06 15 02 00 4
TUS SLC E 2023 05 12 01 30 2023 05 12 03 30 02 00 5
TUS SLC E 2023 05 13 09 45 2023 05 12 11 45 02 00 3
TUS PDX F 2023 06 22 05 42 2023 06 22 08 52 03 10 1
TUS PDX F 2023 06 22 12 00 2023 06 22 03 10 03 10 2
TUS PDX F 2023 06 25 02 30 2023 06 25 05 40 03 10 4
FSM MDW E 2023 04 23 09 00 2023 04 23 04 30 07 30 2
FSM MDW E 2023 04 25 12 10 2023 04 25 07 40 07 30 5
FSM MDW E 2023 04 25 03 30 2023 04 25 04 11 07 30 1
TXK SGF E 2023 05 01 01 00 2023 05 01 04 30 03 30 2
TXK SGF E 2023 05 02 06 15 2023 05 02 09 45 03 30 4
TXK SGF E 2023 05 03 04 10 2023 05 03 07 40 03 30 3
LAX EAU F 2023 04 24 08 30 2023 04 24 04 30 08 00 2
LAX EAU F 2023 04 25 12 00 2023 04 25 08 00 08 00 3
LAX EAU F 2023 04 25 01 15 2023 04 25 09 15 08 00 5
LAX JAC B 2023 05 26 05 45 2023 05 26 10 05 04 20 1
LAX JAC B 2023 05 28 11 00 2023 05 28 03 20 04 20 4
LAX JAC B 2023 05 30 08 20 2023 05 30 12 40 04 20 5
LAX SAT F 2023 05 17 12 10 2023 05 17 03 00 02 50 2
LAX SAT F 2023 05 19 09 00 2023 05 19 11 50 02 50 3
LAX SAT F 2023 05 20 04 30 2023 05 20 07 20 02 50 4
SFO LAS B 2023 04 23 07 00 2023 04 23 08 35 01 35 1
SFO LAS B 2023 04 27 10 10 2023 04 27 11 45 01 35 2
SFO LAS B 2023 04 30 02 30 2023 04 30 04 05 01 35 5
SFO GTF B 2023 04 24 09 15 2023 04 24 01 30 04 15 2
SFO GTF B 2023 04 25 05 00 2023 04 25 09 15 04 15 3
SFO GTF B 2023 04 29 10 45 2023 04 29 03 00 04 15 1
SFO FNT E 2023 05 05 03 30 2023 05 05 09 40 06 10 2
SFO FNT E 2023 05 08 12 05 2023 05 08 06 15 06 10 4
SFO FNT E 2023 05 09 05 10 2023 05 09 11 20 06 10 5
SAN BOS F 2023 04 28 02 15 2023 04 28 12 00 09 45 2
SAN BOS F 2023 04 29 02 00 2023 04 29 11 45 09 45 1
SAN BOS F 2023 04 30 08 00 2023 04 30 05 45 09 45 3
SAN BOI B 2023 05 22 01 00 2023 05 22 03 20 02 20 1
SAN BOI B 2023 05 23 06 30 2023 05 23 08 50 02 20 4
SAN BOI B 2023 05 27 11 40 2023 05 27 02 00 02 20 5
SAN SFO E 2023 05 11 09 25 2023 05 11 11 00 01 35 5
SAN SFO E 2023 05 15 04 10 2023 05 15 05 45 01 35 2
SAN SFO E 2023 05 15 12 00 2023 05 15 01 35 01 35 3
COS DSM E 2023 06 01 11 20 2023 06 01 02 40 03 20 5
COS DSM E 2023 06 02 01 00 2023 06 02 04 20 03 20 4
COS DSM E 2023 06 03 09 15 2023 06 03 11 35 03 20 1
DEN TLH F 2023 04 20 05 00 2023 04 20 09 30 04 30 2
DEN TLH F 2023 04 21 06 15 2023 04 21 10 45 04 30 5
DEN TLH F 2023 04 21 12 20 2023 04 21 04 50 04 30 3
DEN ACY F 2023 05 04 05 00 2023 05 04 03 45 10 45 2
DEN ACY F 2023 05 06 12 00 2023 05 06 10 45 10 45 5
DEN ACY F 2023 05 07 01 15 2023 05 07 12 00 10 45 1
BDL JFK B 2023 05 11 11 30 2023 05 11 03 00 03 30 2
BDL JFK B 2023 05 15 02 15 2023 05 15 05 45 03 30 4
BDL JFK B 2023 05 16 07 00 2023 05 16 10 30 03 30 5
BDL MOT E 2023 06 05 07 30 2023 06 05 01 45 06 15 4
BDL MOT E 2023 06 07 12 00 2023 06 07 06 15 06 15 3
BDL MOT E 2023 06 08 02 45 2023 06 08 09 00 06 15 2
HVN CLT B 2023 08 24 03 35 2023 08 24 05 45 02 10 1
HVN CLT B 2023 08 25 11 00 2023 08 25 01 10 02 10 5
HVN CLT B 2023 08 25 08 40 2023 08 25 10 50 02 10 3
IGL LCK B 2023 04 21 04 40 2023 04 21 06 00 01 20 4
IGL LCK B 2023 04 22 10 10 2023 04 22 11 30 01 20 1
IGL LCK B 2023 04 22 12 15 2023 04 22 01 35 01 20 2
IGL LAX E 2023 05 06 12 00 2023 05 06 05 10 05 10 3
IGL LAX E 2023 05 12 04 15 2023 05 12 09 25 05 10 5
IGL LAX E 2023 05 13 07 30 2023 05 13 12 40 05 10 4
IGL MSP E 2023 06 07 04 10 2023 06 07 09 00 04 50 2
IGL MSP E 2023 06 09 05 30 2023 06 09 10 20 04 50 1
IGL MSP E 2023 06 10 12 00 2023 06 10 04 50 04 50 3
MCO RFD F 2023 05 19 08 15 2023 05 19 11 00 02 45 5
MCO RFD F 2023 05 19 01 05 2023 05 19 03 50 02 45 4
MCO RFD F 2023 05 20 05 00 2023 05 20 07 45 02 45 1
MCO TUS F 2023 05 27 02 45 2023 05 27 09 00 06 15 3
MCO TUS F 2023 05 29 07 25 2023 05 29 01 40 06 15 2
MCO TUS F 2023 05 29 11 00 2023 05 29 05 25 06 15 5
MCO OMA E 2023 06 23 11 20 2023 06 23 02 40 03 20 3
MCO OMA E 2023 06 25 08 00 2023 06 25 11 20 03 20 5
MCO OMA E 2023 06 29 03 35 2023 06 29 06 55 03 20 4
TLH ROW B 2023 06 10 04 25 2023 06 10 11 50 07 25 1
TLH ROW B 2023 06 11 04 25 2023 06 11 11 50 07 25 5
TLH ROW B 2023 06 15 04 25 2023 06 15 11 50 07 25 2
TLH CRP F 2023 07 01 03 00 2023 07 01 07 45 04 45 1
TLH CRP F 2023 07 05 03 00 2023 07 01 07 45 04 45 2
TLH CRP F 2023 07 05 10 00 2023 07 01 02 45 04 45 4
TLH LWB B 2023 08 19 10 20 2023 08 19 03 00 05 40 5
TLH LWB B 2023 08 21 10 20 2023 08 21 03 00 05 40 1
TLH LWB B 2023 08 22 10 20 2023 08 22 03 00 05 40 3
ATL SAN E 2023 04 22 01 00 2023 04 22 05 45 04 45 5
ATL SAN E 2023 05 23 01 00 2023 05 23 05 45 04 45 2
ATL SAN E 2023 05 24 01 00 2023 04 24 05 45 04 45 3
ATL ICT E 2023 04 28 10 30 2023 04 28 12 45 02 15 3
ATL ICT E 2023 05 28 10 30 2023 05 28 12 45 02 15 2
ATL ICT E 2023 06 28 10 30 2023 06 28 12 45 02 15 1
ATL PWD E 2023 04 29 08 10 2023 04 29 10 20 02 10 4
ATL PWD E 2023 04 30 08 10 2023 04 30 10 20 02 10 4
SAV WYS B 2023 05 10 06 15 2023 05 10 11 20 05 05 3
SAV WYS B 2023 05 11 12 15 2023 05 11 05 20 05 05 3
SAV WYS B 2023 05 11 01 00 2023 05 11 06 05 05 05 5
SAV ACK F 2023 05 11 10 45 2023 05 11 03 40 05 06 2
SAV ACK F 2023 05 12 10 00 2023 05 12 03 06 05 06 4
SAV DEN B 2023 05 20 04 30 2023 05 20 08 35 04 05 1
SAV DEN B 2023 05 21 05 30 2023 05 21 09 35 04 05 3
HNL BOI B 2023 05 13 07 20 2023 05 14 03 00 07 40 5
HNL BOI B 2023 05 14 05 20 2023 05 14 01 00 07 40 4
HNL SAN B 2023 06 28 12 00 2023 06 28 05 30 05 30 2
HNL SAN B 2023 06 29 12 00 2023 06 29 05 30 05 30 2
HNL PDX E 2023 06 29 12 00 2023 06 29 05 30 05 30 1
HNL PDX E 2023 06 29 04 20 2023 06 29 09 50 05 30 3
LIH TUS E 2023 07 08 01 00 2023 07 08 10 10 09 10 4
LIH TUS E 2023 07 09 12 20 2023 07 09 09 30 09 10 3
LIH TUS E 2023 07 11 02 40 2023 07 11 11 50 09 10 5
BOI SAF F 2023 05 05 03 10 2023 05 05 07 35 04 25 6
BOI SAF F 2023 05 15 03 10 2023 05 15 07 35 04 25 1
BOI ALB F 2023 08 09 10 15 2023 08 09 04 45 06 30 2
BOI ALB F 2023 09 09 10 15 2023 08 09 04 45 06 30 2
IDA SBN B 2023 04 19 02 00 2023 04 19 08 45 06 45 5
IDA SBN B 2023 04 29 12 10 2023 04 29 06 55 06 45 1
IDA SBN B 2023 04 30 06 15 2023 04 30 01 00 06 45 2
MDW HVN E 2023 05 15 09 45 2023 05 15 11 45 02 00 5
MDW HVN E 2023 05 25 09 45 2023 05 25 11 45 02 00 3
MDW LAS F 2023 06 16 04 00 2023 06 16 08 00 04 00 2
MDW LAS F 2023 06 26 04 00 2023 06 26 08 00 04 00 4
RFD TUL E 2023 04 19 09 00 2023 04 19 10 35 01 35 4
RFD TUL E 2023 04 29 09 00 2023 04 29 10 35 01 35 1
RFD BOS F 2023 04 21 12 10 2023 04 21 02 25 01 35 3
RFD BOS F 2023 05 21 12 10 2023 05 21 02 25 01 35 5
SBN PWM F 2023 06 21 12 15 2023 06 21 04 35 04 50 2
SBN PWM F 2023 06 22 12 15 2023 06 22 04 35 04 50 4
SBN PWM F 2023 06 23 12 15 2023 06 23 04 35 04 50 5
SBN BTR B 2023 06 24 01 00 2023 06 24 05 15 04 15 1
SBN BTR B 2023 07 14 01 00 2023 06 14 05 15 04 15 5
FWA DSM B 2023 04 30 03 20 2023 04 30 06 45 03 25 5
FWA DSM B 2023 05 30 03 20 2023 05 30 06 45 03 25 4
FWA DSM B 2023 06 30 03 20 2023 06 30 06 45 03 25 2
FWA COS E 2023 05 10 10 30 2023 05 10 04 10 05 00 3
FWA COS E 2023 05 11 10 30 2023 05 11 04 10 05 00 4
DSM BTR F 2023 08 04 02 00 2023 08 04 06 30 04 30 1
DSM BTR F 2023 08 05 02 00 2023 08 05 06 30 04 30 5
DSM ACY B 2023 07 10 12 00 2023 07 10 02 35 02 35 2
DSM ACY B 2023 08 11 12 00 2023 08 11 02 35 02 35 2
ALO ABR E 2023 04 20 09 30 2023 04 20 05 10 08 10 4
ALO ABR E 2023 04 21 12 10 2023 04 21 08 20 08 10 5
ALO ABR E 2023 04 22 07 30 2023 04 22 03 40 08 10 1
ICT FWA F 2023 05 01 02 20 2023 05 01 06 20 04 00 1
ICT FWA F 2023 05 06 12 30 2023 05 06 04 30 04 00 2
ICT FWA F 2023 05 08 06 15 2023 05 08 10 15 04 00 3
HYS COS B 2023 08 23 04 15 2023 08 23 07 30 03 15 4
HYS COS B 2023 08 25 12 05 2023 08 25 03 20 03 15 2
HYS COS B 2023 08 26 09 40 2023 08 26 12 55 03 15 5
CVG SAN E 2023 06 07 12 10 2023 06 07 06 20 06 10 4
CVG SAN E 2023 06 17 12 10 2023 06 17 06 20 06 10 1
CVG PWM F 2023 07 22 06 00 2023 07 22 09 50 03 50 3
CVG PWM F 2023 07 25 10 00 2023 07 25 01 50 03 50 2
PAH ROA F 2023 04 27 04 15 2023 04 27 08 30 04 15 5
PAH ROA F 2023 04 28 10 10 2023 04 28 02 25 04 15 2
PAH ROA F 2023 04 29 01 00 2023 04 29 05 15 04 15 1
SHV MCI B 2023 05 02 05 00 2023 05 02 08 40 03 40 1
SHV MCI B 2023 05 12 01 20 2023 05 12 05 00 03 40 5
SHV MEI E 2023 05 22 01 30 2023 05 22 05 30 04 00 2
SHV MEI E 2023 05 12 04 30 2023 05 12 08 30 04 00 4
BTR OKC E 2023 08 03 07 00 2023 08 03 10 30 03 30 3
BTR OKC E 2023 08 05 08 10 2023 08 05 11 40 03 30 4
BTR OKC E 2023 08 30 12 00 2023 08 30 03 30 03 30 1
PWM CVG F 2023 06 09 03 40 2023 06 09 07 00 03 20 2
PWM CVG F 2023 06 09 12 00 2023 06 09 03 20 03 20 3
PWM MSP B 2023 07 30 12 00 2023 07 30 05 30 05 30 3
PWM MSP B 2023 08 30 12 10 2023 08 30 05 40 05 30 2
RKD BOS F 2023 05 08 10 15 2023 05 08 11 30 01 15 2
RKD BOS F 2023 05 18 04 05 2023 05 18 05 20 01 15 4
RKD BOS F 2023 05 18 02 00 2023 05 18 03 15 01 15 3
BWI LAS F 2023 04 22 05 30 2023 04 22 10 45 05 15 4
BWI LAS F 2023 04 22 02 30 2023 04 22 07 45 05 15 3
BWI SLC B 2023 07 02 09 45 2023 07 02 05 30 07 45 5
BWI SLC B 2023 07 03 09 45 2023 07 03 05 30 07 45 5
HGR ACK E 2023 06 22 01 05 2023 06 22 02 20 01 15 3
HGR ACK E 2023 06 29 12 15 2023 06 29 01 30 01 15 1
HGR ACK E 2023 06 25 08 00 2023 06 25 09 15 01 15 2
BOS MEI E 2023 04 28 12 00 2023 04 28 06 50 06 50 3
BOS MEI E 2023 04 29 10 00 2023 04 29 04 50 06 50 5
BOS DEN E 2023 06 22 04 10 2023 06 22 08 50 04 40 3
BOS DEN E 2023 06 23 12 05 2023 06 23 04 45 04 40 5
BOS TLH E 2023 06 07 02 20 2023 06 07 07 10 04 50 2
BOS TLH E 2023 06 27 03 00 2023 06 27 07 50 04 50 5
ACK SBN E 2023 07 04 10 30 2023 07 04 05 15 06 45 2
ACK SBN E 2023 07 12 02 00 2023 07 12 08 45 06 45 4
ACK SBN E 2023 07 14 11 05 2023 07 14 05 55 06 45 1
FNT ICT E 2023 07 19 08 20 2023 07 19 12 40 04 20 2
FNT ICT E 2023 07 20 10 00 2023 07 20 02 20 04 20 1
FNT ICT E 2023 07 29 01 00 2023 07 29 05 20 04 20 3
IMT BHM F 2023 06 02 12 00 2023 06 02 08 30 08 30 5
IMT BHM F 2023 06 02 01 00 2023 06 02 09 30 08 30 4
IMT BHM F 2023 06 02 12 00 2023 06 02 10 30 08 30 1
MSP SAN B 2023 06 26 10 00 2023 06 26 02 00 04 00 5
MSP SAN B 2023 08 26 04 00 2023 08 26 08 00 04 00 3
MSP SAN B 2023 08 27 05 30 2023 08 27 09 30 04 00 4
MSP DEN B 2023 09 01 10 20 2023 09 01 12 40 02 20 1
MSP DEN B 2023 09 02 04 15 2023 09 02 06 35 02 20 2
MSP DEN B 2023 09 03 04 00 2023 09 03 06 20 02 20 4
STC SAV F 2023 08 11 01 30 2023 08 11 08 45 07 15 3
STC SAV F 2023 08 12 12 30 2023 08 12 07 45 07 15 5
MEI BTR E 2023 05 21 02 00 2023 05 21 06 45 04 45 4
MEI BTR E 2023 06 22 02 00 2023 06 22 06 45 04 45 3
TUP ACY F 2023 06 05 11 00 2023 06 05 01 10 02 10 2
TUP ACY F 2023 06 07 11 30 2023 06 07 01 40 02 10 1
TUP ACY F 2023 06 08 03 00 2023 06 08 05 10 02 10 4
MCI IMT B 2023 04 26 03 10 2023 04 26 07 15 04 05 1
MCI IMT B 2023 05 26 03 10 2023 05 26 07 15 04 05 5
MCI BDL E 2023 07 19 12 15 2023 07 19 04 20 04 05 1
MCI BDL E 2023 07 20 12 35 2023 07 20 04 40 04 05 2
SGF BHM E 2023 07 29 04 05 2023 07 29 07 50 03 45 3
SGF BHM E 2023 08 29 04 05 2023 08 29 07 50 03 45 2
WYS JNU F 2023 08 10 06 05 2023 08 10 02 20 08 15 5
WYS JNU F 2023 08 11 12 30 2023 08 11 08 45 08 15 4
WYS JNU F 2023 08 12 01 00 2023 08 12 09 15 08 15 3
WYS FWA B 2023 08 24 09 20 2023 09 24 04 20 07 00 2
WYS FWA B 2023 09 23 03 00 2023 09 23 10 00 07 00 1
WYS FWA B 2023 09 24 10 20 2023 09 24 05 20 07 00 4
GTF BDL E 2023 06 16 11 30 2023 06 16 05 00 05 30 3
GTF BDL E 2023 07 19 11 30 2023 06 19 05 00 05 30 5
GTF BFI F 2023 10 22 03 40 2023 10 22 05 10 01 30 1
GTF BFI F 2023 10 23 12 00 2023 10 23 01 30 01 30 4
LNK BNA E 2023 07 29 12 45 2023 07 29 05 00 04 15 2
LNK BNA E 2023 08 19 12 45 2023 07 19 05 00 04 15 3
OMA RIC E 2023 04 23 07 10 2023 04 23 11 20 04 10 5
OMA RIC E 2023 04 25 07 00 2023 04 25 11 10 04 10 3
LAS HNL E 2023 05 03 01 10 2023 05 03 07 35 06 25 2
LAS HNL E 2023 06 03 05 00 2023 06 03 11 25 06 25 4
LAS HNL E 2023 06 04 01 05 2023 06 04 07 30 06 25 1
LAS CRP F 2023 06 28 09 05 2023 06 28 01 45 04 30 5
LAS CRP F 2023 06 29 06 00 2023 06 29 10 30 04 30 3
LAS CRP F 2023 06 30 10 05 2023 06 30 02 45 04 30 4
LAS TUS F 2023 07 04 06 05 2023 07 04 07 25 01 20 5
LAS TUS F 2023 08 05 06 00 2023 08 05 07 20 01 20 1
LAS TUS F 2023 10 06 06 05 2023 10 06 07 25 01 20 2
RNO SFO B 2023 05 17 12 00 2023 05 17 01 15 01 15 3
RNO SFO B 2023 06 27 12 00 2023 06 27 01 15 01 15 4
RNO PDX F 2023 06 14 10 00 2023 06 15 11 35 13 05 5
RNO PDX F 2023 06 24 10 00 2023 06 25 11 35 13 05 2
RNO PHL F 2023 07 23 08 35 2023 07 23 03 40 07 05 3
RNO PHL F 2023 07 23 02 30 2023 07 23 09 35 07 05 4
MHT PVD B 2023 06 30 02 20 2023 06 30 09 30 07 10 5
MHT PVD B 2023 07 01 02 20 2023 07 01 09 30 07 10 3
ACY BHM B 2023 05 31 01 45 2023 05 31 04 00 03 15 5
ACY BHM B 2023 05 31 03 00 2023 05 31 06 15 03 15 4
ACY PIT E 2023 08 24 10 05 2023 08 24 11 15 01 10 3
ACY PIT E 2023 08 24 12 00 2023 08 24 01 10 01 10 2
TTN ABR E 2023 04 30 12 05 2023 04 30 03 00 02 45 1
TTN ABR E 2023 05 01 10 00 2023 04 30 12 45 02 45 5
TTN MEM F 2023 09 26 01 00 2023 09 26 03 15 02 15 4
TTN MEM F 2023 09 26 02 00 2023 09 26 04 15 02 15 3
ROW ILM E 2023 06 07 09 15 2023 06 07 04 00 06 45 1
ROW ILM E 2023 07 08 09 15 2023 07 08 04 00 06 45 1
SAF GFK F 2023 05 12 03 30 2023 05 12 08 30 05 00 3
SAF GFK F 2023 05 13 01 30 2023 05 12 06 30 05 00 4
SAF GFK F 2023 05 14 12 00 2023 05 12 05 00 05 00 1
ALB MOT B 2023 04 21 10 05 2023 05 21 01 20 03 15 3
ALB MOT B 2023 05 21 04 25 2023 05 21 07 40 03 15 5
ALB MOT B 2023 05 22 09 15 2023 05 22 11 30 03 15 4
ALB MHT B 2023 05 07 08 00 2023 05 07 09 00 01 00 2
ALB MHT B 2023 05 07 12 00 2023 05 07 01 00 01 00 1
ALB MHT B 2023 06 17 09 00 2023 06 17 10 00 01 00 4
ALB BDL B 2023 05 19 07 35 2023 05 19 10 40 03 05 2
ALB BDL B 2023 05 20 07 45 2023 05 20 10 50 03 05 3
JFK CLE B 2023 06 11 02 30 2023 06 11 04 30 02 00 2
JFK CLE B 2023 06 17 12 30 2023 06 17 02 30 02 00 1
JFK CLE B 2023 07 21 04 30 2023 06 21 06 30 02 00 4
JFK TUL B 2023 06 14 06 00 2023 06 14 11 00 05 00 1
JFK TUL B 2023 06 14 08 00 2023 06 14 02 00 05 00 4
JFK LAX E 2023 07 09 01 00 2023 07 09 07 20 06 20 2
JFK LAX E 2023 07 10 12 00 2023 07 10 06 20 06 20 3
HPN TTN F 2023 04 25 10 00 2023 04 25 10 55 00 55 2
HPN TTN F 2023 05 23 10 25 2023 05 23 11 00 00 55 1
HPN TTN F 2023 05 27 09 25 2023 05 27 10 00 00 55 4
HPN BOS B 2023 05 22 02 00 2023 05 22 03 05 01 05 5
HPN BOS B 2023 06 23 02 00 2023 06 23 03 05 01 05 5
CLT LAX E 2023 04 27 12 05 2023 04 27 05 20 05 15 1
CLT LAX E 2023 04 27 02 05 2023 04 27 07 20 05 15 3
CLT ROW F 2023 07 05 11 05 2023 07 05 04 05 05 00 2
CLT ROW F 2023 07 06 11 00 2023 07 06 04 00 05 00 4
ILM LCK B 2023 06 10 11 00 2023 06 10 11 37 00 37 2
ILM LCK B 2023 06 10 02 10 2023 06 10 02 47 00 37 1
ILM LCK B 2023 06 11 05 20 2023 06 11 05 57 00 37 3
ILM DEN E 2023 05 01 07 00 2023 05 01 10 35 03 35 4
ILM DEN E 2023 06 11 04 00 2023 05 01 07 35 03 35 5
ILM DEN E 2023 06 11 07 30 2023 05 01 10 55 03 35 3
GFK ACY F 2023 06 14 08 00 2023 06 14 11 00 03 00 2
GFK ACY F 2023 06 15 08 00 2023 06 15 11 00 03 00 5
GFK SAF B 2023 07 18 04 25 2023 07 18 12 45 08 20 1
GFK SAF B 2023 09 28 03 25 2023 09 28 11 45 08 20 2
MOT CNY E 2023 05 14 04 45 2023 05 14 11 30 06 45 3
MOT CNY E 2023 05 15 04 45 2023 05 15 11 30 06 45 4
MOT PHL F 2023 06 17 02 15 2023 06 17 07 45 05 30 2
MOT PHL F 2023 06 18 11 15 2023 06 18 04 45 05 30 5
CLE TUS B 2023 04 26 01 00 2023 04 26 05 00 04 00 1
CLE TUS B 2023 04 27 01 00 2023 04 27 05 00 04 00 5
CLE BHM E 2023 05 10 02 05 2023 05 10 06 00 03 55 3
CLE BHM E 2023 05 11 02 10 2023 05 11 06 05 03 55 5
CLE DEN F 2023 06 05 11 00 2023 06 05 02 20 03 20 4
CLE DEN F 2023 06 05 12 00 2023 06 05 03 20 03 20 3
LCK JFK B 2023 06 17 12 05 2023 06 17 03 40 03 35 5
LCK JFK B 2023 06 18 12 05 2023 06 18 03 40 03 35 1
LCK GFK B 2023 07 04 05 30 2023 07 04 07 10 01 40 1
LCK GFK B 2023 07 05 12 00 2023 07 05 01 40 01 40 3
OKC COS F 2023 09 09 03 45 2023 09 09 05 00 01 15 2
OKC COS F 2023 09 09 05 45 2023 09 09 07 00 01 15 5
TUL DSM E 2023 04 12 03 15 2023 04 12 04 35 01 20 1
TUL DSM E 2023 04 12 04 15 2023 04 12 05 35 01 20 2
TUL BOS E 2023 06 06 02 10 2023 06 06 06 50 04 40 3
TUL BOS E 2023 06 07 12 00 2023 06 07 04 40 04 40 4
EUG IMT F 2023 06 30 11 20 2023 06 30 07 25 08 05 2
EUG IMT F 2023 06 30 02 00 2023 06 30 10 05 08 05 1
EUG ICT F 2023 06 22 06 15 2023 06 22 11 00 04 45 5
EUG ICT F 2023 06 22 01 05 2023 06 22 05 50 04 45 4
PDX LAX B 2023 06 01 12 00 2023 06 01 06 36 06 36 1
PDX LAX B 2023 06 02 12 00 2023 06 02 06 36 06 36 4
PDX LAX B 2023 06 03 12 00 2023 06 03 06 36 06 36 2
PDX MSP B 2023 09 03 01 20 2023 09 03 04 35 03 15 5
PDX MSP B 2023 09 04 01 20 2023 09 04 04 35 03 15 2
PDX MSP B 2023 09 05 01 20 2023 09 05 04 35 03 15 3
PHL LAS E 2023 05 14 03 10 2023 05 14 08 40 05 30 1
PHL LAS E 2023 05 14 04 00 2023 05 14 09 30 05 30 5
PHL MCO E 2023 05 06 04 05 2023 05 06 06 45 02 40 2
PHL MCO E 2023 05 06 10 00 2023 05 06 12 40 02 40 4
PHL ATL F 2023 06 08 11 25 2023 06 08 01 45 02 20 3
PHL ATL F 2023 06 09 10 00 2023 06 09 12 20 02 20 1
PIT HNL F 2023 06 22 10 40 2023 06 23 10 40 12 00 4
PIT HNL F 2023 06 23 10 40 2023 06 23 10 40 12 00 1
PIT PWM B 2023 06 25 05 05 2023 06 25 08 20 03 15 5
PIT PWM B 2023 06 27 05 05 2023 06 27 08 20 03 15 3
PIT JFK E 2023 06 28 03 00 2023 06 28 04 35 01 35 1
PIT JFK E 2023 06 29 03 05 2023 06 29 04 40 01 35 4
PVD RIC F 2023 05 11 07 05 2023 05 11 08 20 01 15 2
PVD RIC F 2023 05 12 08 05 2023 05 11 09 20 01 15 3
PVD BFI B 2023 06 12 12 00 2023 06 12 05 15 05 15 4
PVD BFI B 2023 06 13 11 00 2023 06 13 04 15 05 15 1
WST JNU F 2023 06 19 12 00 2023 06 19 02 45 02 45 3
WST JNU F 2023 06 19 10 00 2023 06 19 12 45 02 45 1
CHS EUG E 2023 05 22 09 35 2023 05 22 08 30 10 55 2
CHS EUG E 2023 05 24 10 35 2023 05 24 09 30 10 55 3
CHS PVD B 2023 05 24 07 40 2023 05 24 09 45 02 05 1
CHS PVD B 2023 05 24 09 40 2023 05 24 11 45 02 05 5
FLO LAX E 2023 06 13 05 50 2023 06 13 01 30 07 40 2
FLO LAX E 2023 06 14 01 00 2023 06 13 08 40 07 40 3
FLO LAX E 2023 06 15 12 10 2023 06 13 07 50 07 40 1
ABR MSP F 2023 04 27 07 00 2023 04 27 08 30 01 30 4
ABR MSP F 2023 04 27 08 05 2023 04 27 09 35 01 30 3
PIR MDW B 2023 06 28 06 15 2023 06 28 08 00 01 45 5
PIR MDW B 2023 06 29 06 10 2023 06 29 07 55 01 45 1
MEM ALB E 2023 05 16 04 00 2023 05 16 06 25 02 25 2
MEM ALB E 2023 05 17 05 30 2023 05 17 07 55 02 25 4
MEM ALB E 2023 05 17 12 10 2023 05 17 02 35 02 25 1
MEM PIT F 2023 06 12 10 00 2023 06 12 11 30 01 30 2
MEM PIT F 2023 06 13 10 00 2023 06 13 11 30 01 30 1
MEM PIT F 2023 06 13 01 00 2023 06 13 02 30 01 30 5
BNA PDX E 2023 07 12 12 15 2023 07 12 04 40 04 30 2
BNA PDX E 2023 07 13 12 30 2023 07 13 05 00 04 30 4
BNA FLO E 2023 06 30 11 00 2023 06 30 02 15 03 15 4
BNA FLO E 2023 06 30 02 00 2023 06 30 05 15 03 15 5
DAL CNY F 2023 08 28 07 00 2023 08 29 12 00 05 00 2
DAL CNY F 2023 08 28 01 10 2023 08 29 06 10 05 00 1
DAL CNY F 2023 08 29 07 10 2023 08 29 12 10 05 00 3
DAL BOS F 2023 09 03 01 25 2023 09 03 05 25 04 00 4
DAL BOS F 2023 09 04 02 45 2023 09 04 06 45 04 00 2
DAL BOS F 2023 09 05 01 05 2023 09 05 05 05 04 00 5
CRP BNA B 2023 06 18 09 05 2023 06 18 01 00 03 55 1
CRP BNA B 2023 06 19 09 05 2023 06 19 01 00 03 55 5
CRP CPR E 2023 09 28 06 25 2023 09 28 01 30 07 05 2
CRP CPR E 2023 09 28 08 25 2023 09 28 03 30 07 05 1
SAT JAC F 2023 06 02 09 30 2023 06 02 12 30 03 00 5
SAT JAC F 2023 06 03 10 30 2023 06 03 01 30 03 00 4
SAT JAC F 2023 06 03 02 00 2023 06 03 05 00 03 00 2
SAT LAX B 2023 06 05 05 45 2023 06 03 08 45 03 00 4
SAT LAX B 2023 07 03 10 10 2023 06 03 01 10 03 00 3
SAT LAX B 2023 07 03 04 05 2023 06 03 07 05 03 00 1
SAT MKE E 2023 06 10 12 00 2023 06 10 05 00 05 00 5
SAT MKE E 2023 06 11 03 40 2023 06 11 08 40 05 00 4
CNY BOI F 2023 06 22 11 30 2023 06 22 01 55 02 25 2
CNY BOI F 2023 06 23 10 00 2023 06 23 12 25 02 25 3
SLC MOT F 2023 05 01 10 00 2023 05 01 11 40 01 40 1
SLC MOT F 2023 05 02 10 00 2023 05 02 11 40 01 40 2
SLC OKC B 2023 06 10 07 15 2023 06 10 09 35 02 20 5
SLC OKC B 2023 06 10 09 15 2023 06 10 11 35 02 20 3
SLC DAL B 2023 06 11 05 20 2023 06 11 07 55 02 35 4
SLC DAL B 2023 06 14 05 00 2023 06 11 07 35 02 35 2
BTV RIC B 2023 05 07 04 00 2023 05 07 05 35 01 35 5
BTV RIC B 2023 06 17 07 30 2023 05 07 09 05 01 35 1
BTV RIC B 2023 07 27 04 05 2023 05 07 05 40 01 35 3
BTV BOS B 2023 06 16 09 15 2023 06 16 10 15 01 00 4
BTV BOS B 2023 06 16 10 15 2023 06 16 11 15 01 00 2
BTV BOS B 2023 06 16 11 15 2023 06 16 12 15 01 00 5
BTV ABR E 2023 06 21 12 10 2023 06 21 03 00 03 40 5
BTV ABR E 2023 06 23 02 10 2023 06 23 05 00 03 40 4
BTV ABR E 2023 06 25 08 10 2023 06 25 11 00 03 40 1
RIC DSM E 2023 05 02 01 25 2023 05 02 05 57 04 32 2
RIC DSM E 2023 05 03 02 00 2023 05 03 06 32 04 32 4
RIC BDL F 2023 06 04 12 00 2023 06 04 01 15 01 15 3
RIC BDL F 2023 06 04 03 15 2023 06 04 04 30 01 15 5
RIC EUG F 2023 06 27 03 05 2023 06 27 08 25 05 20 4
RIC EUG F 2023 06 28 03 00 2023 06 28 08 20 05 20 1
ROA WST F 2023 06 29 08 20 2023 06 29 09 50 01 30 4
ROA WST F 2023 06 30 09 00 2023 06 30 10 30 01 30 3
BFI CHS F 2023 05 19 10 40 2023 05 19 12 40 02 00 1
BFI CHS F 2023 05 19 05 10 2023 05 19 07 10 02 00 5
BFI ATL B 2023 06 07 04 40 2023 06 07 09 30 04 50 2
BFI ATL B 2023 06 08 12 00 2023 06 08 04 50 04 50 3
ALW JNU E 2023 07 20 04 05 2023 07 20 07 58 03 03 1
ALW JNU E 2023 07 21 10 00 2023 07 21 01 03 03 03 2
ALW JNU E 2023 07 29 06 15 2023 07 29 09 18 03 03 4
CRW BTV E 2023 07 04 11 30 2023 07 04 01 15 01 45 2
CRW BTV E 2023 07 05 08 00 2023 07 05 09 45 01 45 5
CRW BTV E 2023 07 06 07 15 2023 07 06 09 00 01 45 3
LWB SAF E 2023 07 09 02 15 2023 07 09 10 38 07 53 2
LWB SAF E 2023 07 10 03 00 2023 07 10 10 53 07 53 3
LWB SAF E 2023 07 15 12 05 2023 07 15 07 58 07 53 4
EAU RIC B 2023 06 02 08 15 2023 06 02 10 26 02 11 5
EAU RIC B 2023 06 12 12 00 2023 06 12 02 11 02 11 1
EAU RIC B 2023 06 22 01 30 2023 06 22 03 41 02 11 2
MKE BTV E 2023 06 01 11 45 2023 06 01 01 55 02 10 4
MKE BTV E 2023 06 03 09 05 2023 06 03 11 15 02 10 3
MKE BTV E 2023 06 04 04 15 2023 06 04 06 25 02 10 5
MKE CLT F 2023 06 21 12 09 2023 06 03 02 09 02 00 4
MKE CLT F 2023 06 23 10 50 2023 06 03 02 09 12 50 3
MKE CLT F 2023 06 23 03 00 2023 06 03 05 00 02 00 1
CPR ROW F 2023 04 23 01 25 2023 04 23 08 10 06 45 1
CPR ROW F 2023 04 24 07 00 2023 04 24 01 45 06 45 5
CPR ROW F 2023 04 28 12 15 2023 04 28 07 00 06 45 2
CPR ALB E 2023 06 10 06 15 2023 06 10 02 30 08 15 4
CPR ALB E 2023 06 10 04 00 2023 06 10 12 15 08 15 5
CPR ALB E 2023 06 11 02 25 2023 06 11 10 40 08 15 3
CPR EUG F 2023 07 12 03 00 2023 07 12 07 50 04 50 2
CPR EUG F 2023 07 22 12 10 2023 07 22 05 00 04 50 4
CPR EUG F 2023 07 22 01 20 2023 07 22 06 10 04 50 5
JAC TUL B 2023 04 18 10 30 2023 04 18 04 30 06 00 3
JAC TUL B 2023 04 28 12 00 2023 04 28 06 00 06 00 1
JAC TUL B 2023 04 28 09 45 2023 04 28 03 45 06 00 4
JAC LNK B 2023 06 13 08 00 2023 06 13 12 10 04 10 2
JAC LNK B 2023 06 13 12 30 2023 06 13 04 40 04 10 3
JAC LNK B 2023 06 14 03 10 2023 06 14 07 20 04 10 5